1 0.145 0.34896810506566606 0.1425 0.3827392120075047 0.1475 0.3883677298311445 0.21625 0.36585365853658536 0.2075 0.3302063789868668 0.18375 0.3076923076923077 0.15625 0.3170731707317073
1 0.64125 0.48592870544090055 0.635 0.4971857410881801 0.64 0.4971857410881801 0.65 0.5328330206378987 0.63625 0.5478424015009381 0.64 0.5647279549718575 0.66 0.5872420262664165 0.67375 0.5909943714821764 0.6825 0.5853658536585366 0.6925 0.5440900562851783 0.68875 0.49906191369606 0.66875 0.47654784240150094 0.65375 0.47654784240150094
1 0.4725 0.4090056285178236 0.4725 0.43902439024390244 0.48 0.45590994371482174 0.485 0.45590994371482174 0.50875 0.41838649155722324 0.50875 0.399624765478424 0.49875 0.3827392120075047 0.485 0.3883677298311445
1 0.445 0.4821763602251407 0.4275 0.5422138836772983 0.43375 0.549718574108818 0.45 0.551594746716698 0.46375 0.5422138836772983 0.47 0.5121951219512195 0.4625 0.49343339587242024
1 0.4375 0.6153846153846154 0.43875 0.6303939962476548 0.47125 0.6285178236397748 0.47 0.6097560975609756 0.45875 0.5909943714821764 0.44625 0.5928705440900562
1 0.43375 0.7091932457786116 0.43375 0.726078799249531 0.46 0.7279549718574109 0.46625 0.7223264540337712 0.46375 0.6960600375234521 0.4575 0.6885553470919324 0.44125 0.6885553470919324
1 0.44 0.6397748592870544 0.44375 0.6791744840525328 0.45875 0.6791744840525328 0.46625 0.6716697936210131 0.46125 0.6416510318949343
0 0.145 0.34896810506566606 0.145 0.3977485928705441 0.13625 0.41088180112570355 0.1475 0.4071294559099437 0.1525 0.42401500938086306 0.14 0.46153846153846156 0.1375 0.48592870544090055 0.14625 0.6116322701688556 0.14 0.6360225140712945 0.13625 0.7166979362101313 0.13875 0.7410881801125704 0.1525 0.776735459662289 0.1625 0.8442776735459663 0.1575 0.9024390243902439 0.15875 0.9962476547842402 0.21125 0.99812382739212 0.24125 0.5834896810506567 0.24875 0.5778611632270169 0.25 0.5666041275797373 0.22625 0.4352720450281426 0.215 0.4146341463414634 0.21375 0.3883677298311445 0.22 0.3714821763602251 0.20625 0.32833020637898686 0.1875 0.30956848030018763 0.16625 0.30956848030018763 0.1525 0.3227016885553471
0 0.005 0.41088180112570355 0 0.42401500938086306 0 0.47654784240150094 0.01375 0.4803001876172608 0.03 0.5272045028142589 0.03375 0.6097560975609756 0.0325 0.626641651031895 0.02 0.6378986866791745 0.02625 0.7392120075046904 0.0125 0.8461538461538461 0.01375 0.8893058161350844 0.0175 0.9043151969981238 0.02625 0.9061913696060038 0.04375 0.8930581613508443 0.0475 0.8799249530956847 0.0775 0.8667917448405253 0.08375 0.9043151969981238 0.095 0.9080675422138836 0.12125 0.8893058161350844 0.1075 0.8348968105065666 0.105 0.7060656660412759 0.11 0.6322701688555347 0.10875 0.525328330206379 0.11625 0.5159474671669794 0.12125 0.4652908067542214 0.115 0.4052532833020638 0.095 0.3771106941838649 0.095 0.3621013133208255 0.11 0.324577861163227 0.1075 0.29831144465290804 0.095 0.2851782363977486 0.07625 0.28893058161350843 0.0625 0.3170731707317073 0.05625 0.3452157598499062 0.0275 0.36585365853658536
0 0.35875 0.44840525328330205 0.38625 0.7354596622889306 0.37625 0.8780487804878049 0.38625 0.8818011257035647 0.39 0.8949343339587242 0.42625 0.8911819887429644 0.43625 0.8855534709193246 0.4375 0.874296435272045 0.41 0.851782363977486 0.4075 0.8123827392120075 0.43125 0.6529080675422139 0.43375 0.5797373358348968 0.4225 0.5309568480300187 0.44125 0.49906191369606 0.43125 0.4878048780487805 0.4225 0.4915572232645403 0.40125 0.4352720450281426 0.42875 0.3921200750469043 0.4325 0.37335834896810505 0.42875 0.350844277673546 0.41 0.3339587242026266 0.39125 0.3395872420262664 0.37625 0.3789868667917448 0.38 0.4052532833020638 0.37 0.4165103189493433
0 0.86625 0.3902439024390244 0.865 0.4071294559099437 0.87625 0.4521575984990619 0.89875 0.5103189493433395 0.915 0.5178236397748592 0.92375 0.4896810506566604 0.95 0.49343339587242024 0.9425 0.46153846153846156 0.91875 0.4446529080675422 0.92125 0.3902439024390244 0.915 0.36585365853658536 0.90125 0.3545966228893058 0.88625 0.3545966228893058 0.875 0.36585365853658536
0 0.8575 0.5853658536585366 0.855 0.5947467166979362 0.8625 0.6322701688555347 0.855 0.6697936210131332 0.86375 0.7073170731707317 0.87 0.801125703564728 0.875 0.8105065666041276 0.89625 0.8086303939962477 0.895 0.776735459662289 0.9075 0.7673545966228893 0.9275 0.7729831144465291 0.93375 0.7636022514071295 0.9425 0.6097560975609756 0.93875 0.6022514071294559 0.92625 0.6022514071294559 0.9 0.6210131332082551 0.885 0.6172607879924953 0.8825 0.600375234521576
0 0.73125 0.4427767354596623 0.73 0.4652908067542214 0.71375 0.5178236397748592 0.71875 0.5459662288930581 0.73 0.549718574108818 0.74 0.5666041275797373 0.7425 0.5891181988742964 0.73625 0.724202626641651 0.745 0.797373358348968 0.735 0.8930581613508443 0.73625 0.9831144465290806 0.73875 0.99812382739212 0.77375 0.99812382739212 0.77375 0.9024390243902439 0.7875 0.8123827392120075 0.8075 0.8030018761726079 0.82375 0.8198874296435272 0.85875 0.8067542213883677 0.86 0.801125703564728 0.85125 0.6566604127579737 0.84125 0.651031894934334 0.8475 0.6303939962476548 0.85 0.5816135084427767 0.86 0.5647279549718575 0.8775 0.5872420262664165 0.89625 0.5872420262664165 0.9 0.5966228893058161 0.905 0.5891181988742964 0.92875 0.5947467166979362 0.9425 0.5816135084427767 0.93875 0.5703564727954972 0.92 0.5666041275797373 0.84 0.34896810506566606 0.83875 0.2945590994371482 0.835 0.28142589118198874 0.82375 0.2701688555347092 0.8 0.2682926829268293 0.7875 0.2795497185741088 0.78125 0.3076923076923077 0.7925 0.35834896810506567 0.79 0.3827392120075047 0.7475 0.4090056285178236
0 0.67375 0.4277673545966229 0.67 0.4727954971857411 0.6925 0.5028142589118199 0.69625 0.5328330206378987 0.685 0.5872420262664165 0.68375 0.6210131332082551 0.69125 0.7423395872420262 0.68875 0.8255159474671669 0.69625 0.8818011257035647 0.69125 0.9305816135084428 0.7175 0.9512195121951219 0.73375 0.9549718574108818 0.73625 0.8442776735459663 0.7425 0.799249530956848 0.73375 0.7185741088180112 0.74125 0.5909943714821764 0.7325 0.5553470919324578 0.71625 0.5459662288930581 0.7125 0.5121951219512195 0.7275 0.4652908067542214 0.7325 0.42964352720450283 0.75375 0.3977485928705441 0.74875 0.3827392120075047 0.76 0.350844277673546 0.76 0.3302063789868668 0.74875 0.28893058161350843 0.7275 0.28330206378986866 0.715 0.2964352720450281 0.7125 0.34146341463414637 0.71625 0.3527204502814259 0.70875 0.3827392120075047 0.685 0.40150093808630394
0 0.21625 0.34709193245778613 0.215 0.4071294559099437 0.2275 0.43151969981238275 0.23625 0.47842401500938087 0.225 0.49343339587242024 0.22875 0.4915572232645403 0.24375 0.5140712945590994 0.2475 0.5365853658536586 0.2575 0.5347091932457786 0.26875 0.5215759849906192 0.265 0.44652908067542213 0.25625 0.4277673545966229 0.245 0.41838649155722324 0.24375 0.3602251407129456 0.23 0.3452157598499062
0 0.22375 0.6078799249530957 0.22125 0.6923076923076923 0.2475 0.8217636022514071 0.2425 0.8386491557223265 0.22625 0.8480300187617261 0.22625 0.8555347091932458 0.26875 0.8536585365853658 0.275 0.8405253283302064 0.26625 0.7598499061913696 0.25375 0.7035647279549718 0.255 0.5928705440900562 0.25125 0.575984990619137 0.23375 0.5909943714821764 0.22625 0.5834896810506567
0 0.10625 0.3789868667917448 0.12 0.41838649155722324 0.1225 0.4596622889305816 0.11875 0.5140712945590994 0.105 0.5309568480300187 0.11125 0.6078799249530957 0.11875 0.6191369606003753 0.12125 0.6416510318949343 0.11375 0.701688555347092 0.11875 0.7298311444652908 0.135 0.7354596622889306 0.14375 0.6135084427767354 0.135 0.4896810506566604 0.14375 0.4371482176360225 0.13375 0.42401500938086306 0.13125 0.40337711069418386 0.14 0.3883677298311445 0.1275 0.3621013133208255 0.1125 0.36397748592870544
0 0.49125 0.33771106941838647 0.50125 0.3808630393996248 0.51 0.3977485928705441 0.51125 0.4165103189493433 0.4825 0.4652908067542214 0.4725 0.5140712945590994 0.48 0.5553470919324578 0.47875 0.7354596622889306 0.5025 0.8536585365853658 0.4975 0.99812382739212 0.54 0.99812382739212 0.56875 0.9080675422138836 0.5825 0.8348968105065666 0.595 0.6772983114446529 0.58875 0.6378986866791745 0.6 0.6135084427767354 0.625 0.5834896810506567 0.63875 0.5347091932457786 0.6525 0.5290806754221389 0.65625 0.5196998123827392 0.6525 0.49906191369606 0.6475 0.4971857410881801 0.615 0.5365853658536586 0.60125 0.5365853658536586 0.5825 0.4634146341463415 0.5575 0.43902439024390244 0.55875 0.425891181988743 0.57125 0.4146341463414634 0.575 0.37523452157598497 0.57 0.3527204502814259 0.57625 0.3395872420262664 0.5725 0.32082551594746717 0.53125 0.2945590994371482 0.5 0.3058161350844278
0 0.645 0.3621013133208255 0.65125 0.4146341463414634 0.64375 0.4803001876172608 0.6725 0.4727954971857411 0.6725 0.42401500938086306 0.6925 0.3902439024390244 0.6725 0.34146341463414637 0.65875 0.3395872420262664
0 0.6475 0.5853658536585366 0.64875 0.6472795497185742 0.66375 0.6566604127579737 0.6675 0.6679174484052532 0.67125 0.7091932457786116 0.6825 0.7523452157598499 0.65875 0.7917448405253283 0.68375 0.7954971857410882 0.68875 0.7879924953095685 0.69 0.7448405253283302 0.68375 0.5966228893058161 0.68125 0.5909943714821764 0.6725 0.5947467166979362
0 0.93875 0.31894934333958724 0.93875 0.3339587242026266 0.95625 0.35647279549718575 0.9575 0.3677298311444653 0.97875 0.3902439024390244 0.9575 0.50093808630394 0.93625 0.49343339587242024 0.92375 0.49343339587242024 0.9175 0.50093808630394 0.9175 0.5159474671669794 0.92625 0.5159474671669794 0.94125 0.5309568480300187 0.925 0.5628517823639775 0.95375 0.5534709193245778 0.9725 0.5684803001876173 0.97 0.5891181988742964 0.96125 0.5966228893058161 0.96 0.6641651031894934 0.96875 0.7373358348968105 0.965 0.8348968105065666 0.97875 0.8911819887429644 0.97875 0.9418386491557224 0.96 0.9793621013133208 0.9475 0.9699812382739212 0.9425 0.9831144465290806 0.96125 0.99812382739212 0.99875 0.99812382739212 0.99875 0.2851782363977486 0.9875 0.2701688555347092 0.9725 0.2682926829268293 0.95 0.28893058161350843
0 0.57375 0.3621013133208255 0.57875 0.38461538461538464 0.56625 0.425891181988743 0.57 0.4427767354596623 0.58375 0.4596622889305816 0.60125 0.5328330206378987 0.60875 0.5440900562851783 0.6225 0.50093808630394 0.63375 0.4878048780487805 0.63375 0.45778611632270166 0.62625 0.43151969981238275 0.62625 0.35834896810506567 0.62 0.3433395872420263 0.6 0.3320825515947467 0.58125 0.3395872420262664
0 0.59625 0.6191369606003753 0.59625 0.7073170731707317 0.58625 0.8273921200750469 0.57125 0.9043151969981238 0.57375 0.9305816135084428 0.55125 0.9699812382739212 0.55625 0.9793621013133208 0.585 0.9868667917448405 0.59625 0.9699812382739212 0.59375 0.9455909943714822 0.6175 0.9474671669793621 0.6225 0.9399624765478424 0.6125 0.900562851782364 0.6125 0.8311444652908068 0.6025 0.7936210131332082 0.6025 0.7579737335834896 0.62625 0.624765478424015 0.62625 0.5778611632270169 0.61125 0.6060037523452158