1 0.01 0.35135135135135137 0 0.3633633633633634 0 0.4084084084084084 0.074 0.3993993993993994 0.08 0.39039039039039036 0.042 0.3483483483483483
1 0.206 0.35735735735735735 0.2 0.3663663663663664 0.204 0.3963963963963964 0.23 0.3813813813813814 0.248 0.3843843843843844 0.23 0.35435435435435436
1 0.332 0.36936936936936937 0.33 0.39039039039039036 0.384 0.3963963963963964 0.36 0.35435435435435436 0.34 0.35435435435435436
1 0.418 0.3213213213213213 0.416 0.34234234234234234 0.428 0.3333333333333333 0.462 0.33933933933933935 0.44 0.3063063063063063
1 0.518 0.34234234234234234 0.516 0.36036036036036034 0.556 0.36036036036036034 0.538 0.32432432432432434 0.524 0.32732732732732733
1 0.646 0.3333333333333333 0.646 0.35435435435435436 0.676 0.34534534534534533 0.666 0.32432432432432434
0 0.012 0.35135135135135137 0 0.3633633633633634 0 0.7327327327327328 0.01 0.8528528528528528 0.02 0.8798798798798799 0.032 0.8828828828828829 0.078 0.8588588588588588 0.082 0.6186186186186187 0.072 0.4894894894894895 0.06 0.46846846846846846 0.058 0.43243243243243246 0.062 0.40540540540540543 0.078 0.39039039039039036 0.042 0.3483483483483483
0 0.202 0.3633633633633634 0.2 0.39039039039039036 0.17 0.4594594594594595 0.186 0.5165165165165165 0.188 0.7837837837837838 0.2 0.8228228228228228 0.22 0.8228228228228228 0.226 0.8108108108108109 0.244 0.8168168168168168 0.258 0.8078078078078078 0.252 0.7927927927927928 0.25 0.6516516516516516 0.262 0.5495495495495496 0.254 0.46546546546546547 0.232 0.43843843843843844 0.246 0.3843843843843844 0.226 0.35435435435435436
0 0.314 0.4624624624624625 0.312 0.5495495495495496 0.324 0.6156156156156156 0.33 0.7717717717717718 0.344 0.7807807807807807 0.376 0.7747747747747747 0.382 0.7627627627627628 0.372 0.7537537537537538 0.372 0.6156156156156156 0.386 0.5615615615615616 0.38 0.47147147147147145 0.368 0.42342342342342343 0.384 0.3933933933933934 0.36 0.35435435435435436 0.336 0.36036036036036034 0.328 0.43843843843843844
0 0.4 0.43543543543543545 0.396 0.4864864864864865 0.412 0.5615615615615616 0.422 0.7507507507507507 0.48 0.7387387387387387 0.486 0.7267267267267268 0.474 0.7177177177177178 0.464 0.6726726726726727 0.476 0.5285285285285285 0.472 0.42342342342342343 0.462 0.3933933933933934 0.462 0.3333333333333333 0.446 0.3123123123123123 0.432 0.3063063063063063 0.418 0.32432432432432434 0.414 0.38738738738738737
0 0.51 0.36936936936936937 0.504 0.45345345345345345 0.518 0.5915915915915916 0.518 0.7117117117117117 0.554 0.7177177177177178 0.564 0.7057057057057057 0.55 0.6786786786786787 0.548 0.6306306306306306 0.558 0.5585585585585585 0.566 0.5525525525525525 0.566 0.5105105105105106 0.558 0.42042042042042044 0.544 0.38738738738738737 0.556 0.35735735735735735 0.542 0.32732732732732733 0.528 0.32432432432432434
0 0.566 0.42342342342342343 0.564 0.47147147147147145 0.578 0.5975975975975976 0.576 0.6876876876876877 0.584 0.6996996996996997 0.62 0.6966966966966966 0.624 0.43243243243243246 0.62 0.4084084084084084 0.606 0.39039039039039036 0.608 0.33933933933933935 0.59 0.3333333333333333 0.584 0.34234234234234234 0.586 0.3843843843843844
0 0.628 0.4114114114114114 0.626 0.5045045045045045 0.642 0.5555555555555556 0.64 0.6756756756756757 0.684 0.6786786786786787 0.676 0.6216216216216216 0.692 0.45045045045045046 0.672 0.3333333333333333 0.648 0.3303303303303303 0.648 0.3783783783783784
0 0.846 0.5315315315315315 0.864 0.7387387387387387 0.884 0.8588588588588588 0.876 0.8798798798798799 0.88 0.8978978978978979 0.844 0.9129129129129129 0.84 0.924924924924925 0.886 0.948948948948949 0.942 0.948948948948949 0.956 0.9309309309309309 0.962 0.8918918918918919 0.978 0.2702702702702703 0.966 0.2072072072072072 0.934 0.14414414414414414 0.938 0.08708708708708708 0.93 0.057057057057057055 0.918 0.04504504504504504 0.884 0.04804804804804805 0.86 0.08108108108108109 0.862 0.14714714714714713 0.888 0.2012012012012012 0.854 0.34534534534534533