1 0.68 0.43843843843843844 0.68 0.44744744744744747 0.678 0.45345345345345345 0.682 0.45645645645645644 0.684 0.45345345345345345 0.708 0.45645645645645644 0.714 0.45645645645645644 0.716 0.45345345345345345 0.716 0.4444444444444444 0.714 0.44144144144144143 0.714 0.43243243243243246 0.712 0.4264264264264264 0.702 0.4174174174174174 0.692 0.4174174174174174 0.688 0.42042042042042044 0.682 0.4294294294294294
1 0.56 0.45645645645645644 0.558 0.46546546546546547 0.558 0.4804804804804805 0.56 0.48348348348348347 0.59 0.48348348348348347 0.594 0.4804804804804805 0.594 0.47147147147147145 0.59 0.45645645645645644 0.58 0.4444444444444444 0.57 0.4444444444444444
1 0.514 0.45645645645645644 0.51 0.4594594594594595 0.51 0.4894894894894895 0.512 0.4954954954954955 0.516 0.4984984984984985 0.528 0.4984984984984985 0.53 0.5015015015015015 0.542 0.5015015015015015 0.548 0.4984984984984985 0.55 0.4924924924924925 0.548 0.4864864864864865 0.548 0.4744744744744745 0.546 0.46546546546546547 0.538 0.45345345345345345 0.526 0.45045045045045046
0 0.46 0.5345345345345346 0.458 0.5705705705705706 0.464 0.6636636636636637 0.466 0.6786786786786787 0.474 0.6906906906906907 0.48 0.6876876876876877 0.476 0.6456456456456456 0.476 0.6126126126126126 0.48 0.5855855855855856 0.492 0.5495495495495496 0.504 0.5435435435435435 0.514 0.5315315315315315 0.506 0.45345345345345345 0.502 0.44744744744744747 0.496 0.4444444444444444 0.484 0.45345345345345345 0.48 0.4744744744744745 0.486 0.4894894894894895 0.486 0.5045045045045045 0.466 0.5195195195195195
1 0.482 0.45645645645645644 0.48 0.4624624624624625 0.48 0.4774774774774775 0.488 0.4774774774774775 0.49 0.4744744744744745 0.508 0.4744744744744745 0.508 0.45345345345345345 0.5 0.4444444444444444 0.488 0.44744744744744747
1 0.386 0.43243243243243246 0.384 0.43843843843843844 0.384 0.45045045045045046 0.386 0.45345345345345345 0.396 0.45345345345345345 0.404 0.4624624624624625 0.406 0.4594594594594595 0.416 0.4594594594594595 0.42 0.45345345345345345 0.412 0.4294294294294294 0.406 0.42342342342342343 0.394 0.42342342342342343
1 0.37 0.4744744744744745 0.368 0.4804804804804805 0.368 0.4924924924924925 0.37 0.5015015015015015 0.374 0.5075075075075075 0.41 0.4804804804804805 0.408 0.46846846846846846 0.404 0.4624624624624625 0.396 0.45645645645645644 0.382 0.45645645645645644 0.378 0.4624624624624625 0.376 0.4624624624624625 0.376 0.46546546546546547
0 0.648 0.5555555555555556 0.646 0.6516516516516516 0.668 0.6876876876876877 0.656 0.8678678678678678 0.67 0.8708708708708709 0.682 0.8348348348348348 0.708 0.8528528528528528 0.718 0.8468468468468469 0.712 0.8138138138138138 0.72 0.7537537537537538 0.722 0.6126126126126126 0.724 0.5855855855855856 0.736 0.5645645645645646 0.736 0.5225225225225225 0.728 0.5015015015015015 0.714 0.4954954954954955 0.708 0.4744744744744745 0.716 0.44744744744744747 0.706 0.42042042042042044 0.694 0.4174174174174174 0.684 0.4264264264264264 0.674 0.4924924924924925 0.66 0.5075075075075075
0 0.558 0.46846846846846846 0.56 0.5225225225225225 0.556 0.5315315315315315 0.572 0.5555555555555556 0.58 0.5825825825825826 0.586 0.6396396396396397 0.602 0.7087087087087087 0.596 0.7237237237237237 0.582 0.7327327327327328 0.586 0.8618618618618619 0.604 0.8648648648648649 0.608 0.8588588588588588 0.616 0.5825825825825826 0.61 0.5435435435435435 0.6 0.5285285285285285 0.592 0.4954954954954955 0.59 0.45645645645645644 0.58 0.4444444444444444 0.57 0.4444444444444444
0 0.48 0.7477477477477478 0.478 0.8138138138138138 0.48 0.8198198198198198 0.48 0.8438438438438438 0.488 0.8498498498498499 0.496 0.8438438438438438 0.518 0.8348348348348348 0.518 0.8198198198198198 0.514 0.8018018018018018 0.51 0.7927927927927928 0.51 0.7837837837837838 0.506 0.7687687687687688 0.506 0.7537537537537538 0.502 0.7447447447447447 0.502 0.7357357357357357 0.5 0.7327327327327328 0.484 0.7297297297297297 0.484 0.7387387387387387
0 0.48 0.5945945945945946 0.48 0.7087087087087087 0.482 0.7237237237237237 0.492 0.7267267267267268 0.51 0.7657657657657657 0.52 0.8108108108108109 0.52 0.9159159159159159 0.568 0.948948948948949 0.594 0.9369369369369369 0.598 0.9219219219219219 0.584 0.8918918918918919 0.578 0.7327327327327328 0.594 0.7237237237237237 0.598 0.7027027027027027 0.572 0.5615615615615616 0.54 0.5195195195195195 0.55 0.4924924924924925 0.538 0.45345345345345345 0.526 0.45045045045045046 0.51 0.4624624624624625 0.512 0.4924924924924925 0.502 0.5435435435435435 0.486 0.5675675675675675
0 0.37 0.4804804804804805 0.378 0.5165165165165165 0.354 0.5765765765765766 0.354 0.6576576576576577 0.38 0.7627627627627628 0.382 0.9129129129129129 0.416 0.9279279279279279 0.456 0.8978978978978979 0.46 0.8858858858858859 0.448 0.8288288288288288 0.446 0.7777777777777778 0.422 0.6726726726726727 0.416 0.5945945945945946 0.4 0.5465465465465466 0.414 0.5135135135135135 0.414 0.4864864864864865 0.396 0.45645645645645644 0.38 0.4594594594594595
0 0.392 0.4264264264264264 0.386 0.43543543543543545 0.386 0.45045045045045046 0.406 0.4624624624624625 0.416 0.4864864864864865 0.418 0.5075075075075075 0.404 0.5375375375375375 0.404 0.5585585585585585 0.42 0.6186186186186187 0.42 0.6486486486486487 0.438 0.7357357357357357 0.438 0.6816816816816816 0.43 0.6096096096096096 0.434 0.5465465465465466 0.432 0.5075075075075075 0.418 0.48348348348348347 0.416 0.46546546546546547 0.42 0.45045045045045046 0.414 0.43543543543543545 0.404 0.42342342342342343